1.04917
1
0.798177
0.942263
1
1
1.07916
1
1.06756
1.04386
1
1
1.66074
1
1
1.02334
1.09023
1
0.946442
0.954495
1
0.854175
0.889195
0.935805
1.12105
1.71891
1.8253
0.627527
1.38071
1.1811
1.14201
1.09737
0.931037
0.787083
0.71121
1.13057
0.979524
1.62918
1.07831
1.33913
0.873306
0.919956
1.06385
0.989897
0.952358
0.988304
0.980244
0.949444
0.915575
0.864607
1.18171
1.31154
1.30086
1.04012
1.36219
1.45382
1.1095
0.999691
1.1576
1.15716
1.23937
1.27858
1.67152
1.14691
1.22981
1.27146
1.16961
1.08779
1.22566
1.08745
1.20144
1.174
1.08923
0.74365
0.886566
0.971824
1.07672
1.18623
1.05377
1.22465
1.1165
1.00162
1.03114
1.19746
1
1.39554
1.62423
1.28882
2.09995
1.38537
1.40142
0.555373
0.839273
0.963735
1.41757
1.77251
0.695767
1.31771
0.41895
1
1.29032
1.56555
1.36072
0.987516
1.92534
1.81387
1.24928
1.24579
1.01025
0.895154
0.942562
0.679465
1
1
0.522334
1.11533
0.566948
1.20963
1.35207
1.09087
1.18449
1.67963
1.44741
1.42225
0.607537
0.814002
1.11266
0.406661
0.905179
0.776474
0.762519
0.892001
